[[1086  251   29   40]
 [1056  250   29   41]
 [ 241  203   27   41]
 [ 210  203   28   41]
 [ 481  157   30   40]
 [ 451  157   30   40]
 [ 421  157   30   40]
 [ 391  157   30   40]
 [ 361  157   30   40]
 [ 331  157   30   40]
 [ 300  157   29   41]
 [ 270  157   29   41]
 [ 241  157   28   41]
 [ 210  157   29   41]
 [1115  113   27   41]
 [1085  113   27   41]
 [1055  113   27   41]
 [1025  113   27   41]
 [ 994  112   28   42]
 [ 964  112   29   42]
 [ 934  112   29   41]
 [ 902  113   31   40]
 [ 872  112   30   41]
 [ 842  112   30   41]
 [ 812  112   30   41]
 [ 782  112   30   41]
 [ 752  112   30   41]
 [ 722  112   30   41]
 [ 692  112   30   41]
 [ 662  112   30   41]
 [ 631  112   30   40]
 [ 601  112   30   40]
 [ 571  112   30   40]
 [ 541  112   30   40]
 [ 511  112   30   40]
 [ 481  112   30   40]
 [ 451  112   30   40]
 [ 421  112   30   40]
 [ 391  112   30   40]
 [ 361  112   30   40]
 [ 331  112   30   40]
 [ 300  112   29   40]
 [ 270  112   29   40]
 [ 241  112   28   41]
 [ 210  112   29   41]]
[(210, 112, 933, 43), (210, 157, 302, 42), (210, 203, 59, 42), (1056, 250, 60, 42)]