iz prvi_scan u prvi_scan/veliki nazivi datoteka koje treba izdvojiti

19 20 21 22 23 24 25 26 27 28 29 30 31 32 33 34 35 36 37 38 39 40 48 49 51 52 53 54 78 79 
80 83 84 87 88 89 90 93 94 99 100 103 104 105 106 107 108 109 110 111 112 113 114 115 116
117 118 119 120 121 124 125 151 152 153 154 155 156 157 159 160 165 166 167 168 169 170 171
172 173 174 175 176 177 178 179 180 181 182 183 184 185 186


iz pdfovi u pdfovi/veliki nazivi datoteka

1 14 15 16 17 18 19 20 21 22 23 24 25 26 27 28 29 30 31 34 35 42 43 44 45 50 51 52 59 60 67
79 80 82 83 85 86 87 88 91 92 96 97 100 101 102 104 105 106 107 108 109 110 111 112 113 114
117 118 119 120 121 122 123 124 125 126 127 128 129 130 133 134 155 156 157 158 159 161 169 170
171 172 173 174 175 176 177 178 179 180 181 182 183 184 185 186 187 